Units		nm/sec/pN
KT		4.114
T_loading	0.035
F_loading	5.0
dt		1.00e-07
L0		56.00
stiffness	20.0
sigma		2.00
epsilon		4.114
dL		0.47

Time	FL
0.000	0.00
0.500	6.58
1.000	13.16
1.500	19.27
2.000	26.32
2.500	32.43
3.000	39.01
3.500	43.71
4.000	49.82
4.500	55.93
5.000	62.04
5.500	67.68
6.000	73.32
6.500	78.96
7.000	84.60
7.500	90.24
8.000	94.47
8.500	100.11
9.000	105.28
9.500	110.45
10.000	114.68
10.500	120.79
11.000	125.96
11.500	131.60
12.000	136.30
12.500	141.47
13.000	147.11
13.500	152.28
14.000	156.04
14.500	159.33
15.000	163.56
15.500	167.32
16.000	171.55
16.500	176.25
17.000	180.95
17.500	185.18
18.000	189.41
18.500	193.64
19.000	198.81
19.500	203.51
20.000	206.33
20.500	210.56
21.000	213.38
21.500	217.61
22.000	221.84
22.500	224.66
23.000	227.95
23.500	232.18
24.000	235.94
24.500	239.23
25.000	242.52
25.500	245.81
26.000	249.57
26.500	252.86
27.000	256.62
27.500	260.38
28.000	264.14
28.500	266.96
29.000	269.78
29.500	272.60
30.000	276.36
30.500	279.18
31.000	282.00
31.500	284.35
32.000	287.64
32.500	290.46
33.000	293.28
33.500	296.57
34.000	299.86
34.500	303.15
35.000	305.97
35.500	308.79
36.000	312.55
36.500	315.37
37.000	317.72
37.500	320.54
38.000	323.36
38.500	325.71
39.000	329.00
39.500	331.82
40.000	335.11
40.500	337.46
41.000	340.28
41.500	342.63
42.000	345.45
42.500	347.80
43.000	349.68
43.500	352.03
44.000	354.85
44.500	358.14
45.000	360.96
45.500	363.78
46.000	366.60
46.500	370.36
47.000	372.71
47.500	376.00
48.000	378.82
48.500	382.11
49.000	384.93
49.500	387.75
50.000	390.10
50.500	391.98
51.000	394.80
51.500	397.15
52.000	399.97
52.500	402.32
53.000	404.67
53.500	407.49
54.000	409.37
54.500	411.72
55.000	413.60
55.500	416.42
56.000	418.30
56.500	419.71
57.000	422.53
57.500	424.88
58.000	427.23
58.500	430.52
59.000	432.87
59.500	434.28
60.000	437.57
60.500	439.45
61.000	441.33
61.500	444.15
62.000	446.03
62.500	448.38
63.000	450.26
63.500	452.14
64.000	454.96
64.500	456.84
65.000	458.72
65.500	460.60
66.000	462.95
66.500	465.30
67.000	467.18
67.500	469.53
68.000	471.41
68.500	474.23
69.000	475.64
69.500	477.99
70.000	480.34
70.500	482.69
71.000	485.04
71.500	487.86
72.000	489.74
72.500	492.09
73.000	493.97
73.500	495.85
74.000	498.20
74.500	500.08
75.000	501.96
75.500	504.31
76.000	506.19
76.500	508.07
77.000	510.42
77.500	513.24
78.000	515.59
78.500	517.94
79.000	519.82
79.500	522.17
80.000	524.05
80.500	526.87
81.000	528.28
81.500	529.69
82.000	531.57
82.500	533.92
83.000	535.80
83.500	537.68
84.000	539.56
84.500	541.91
85.000	544.26
85.500	546.61
86.000	548.02
86.500	549.90
87.000	550.84
87.500	553.19
88.000	555.54
88.500	557.42
89.000	558.83
89.500	561.18
90.000	562.59
90.500	564.47
91.000	566.35
91.500	568.23
92.000	571.05
92.500	572.93
93.000	574.81
93.500	576.69
94.000	578.57
94.500	580.92
95.000	582.80
95.500	584.68
96.000	586.56
96.500	588.91
97.000	590.79
97.500	592.20
98.000	594.08
98.500	595.96
99.000	598.31
99.500	600.19
100.000	602.07
100.500	603.95
101.000	606.30
101.500	607.71
102.000	609.59
102.500	611.00
103.000	612.88
103.500	614.76
104.000	616.64
104.500	618.52
105.000	620.40
105.500	622.28
106.000	624.16
106.500	626.04
107.000	627.45
107.500	629.33
108.000	631.21
108.500	633.09
109.000	634.97
109.500	636.85
110.000	638.73
110.500	640.14
111.000	642.49
111.500	643.90
112.000	645.31
112.500	647.19
113.000	648.60
113.500	649.54
114.000	651.42
114.500	653.30
115.000	655.18
115.500	657.06
116.000	658.47
116.500	659.88
117.000	661.76
117.500	663.17
118.000	665.05
118.500	666.93
119.000	668.34
119.500	670.22
120.000	672.10
120.500	673.51
121.000	675.39
121.500	677.27
122.000	678.68
122.500	680.09
123.000	681.50
123.500	683.38
124.000	685.26
124.500	686.67
125.000	688.55
125.500	689.96
126.000	691.37
126.500	692.78
127.000	694.66
127.500	696.54
128.000	698.42
128.500	700.30
129.000	702.65
129.500	704.53
130.000	705.94
130.500	707.82
131.000	709.23
131.500	710.64
132.000	712.05
132.500	713.93
133.000	715.81
133.500	716.75
134.000	719.10
134.500	720.51
135.000	722.39
135.500	723.80
136.000	725.68
136.500	727.56
137.000	728.97
137.500	730.38
138.000	732.26
138.500	733.67
139.000	735.08
139.500	736.96
140.000	738.84
140.500	739.78
141.000	741.19
141.500	743.54
142.000	744.95
142.500	746.83
143.000	747.77
143.500	749.65
144.000	750.59
144.500	752.00
145.000	753.41
145.500	755.29
146.000	756.70
146.500	758.58
147.000	759.99
147.500	761.40
148.000	763.28
148.500	765.16
149.000	766.57
149.500	767.98
150.000	768.92
150.500	770.80
151.000	772.21
151.500	773.62
152.000	775.50
152.500	776.91
153.000	778.79
153.500	780.20
154.000	782.08
154.500	783.49
155.000	784.90
155.500	786.31
156.000	787.72
156.500	789.60
157.000	791.48
157.500	792.89
158.000	794.77
158.500	796.18
159.000	798.06
159.500	799.47
160.000	801.35
160.500	802.29
161.000	804.17
161.500	805.58
162.000	807.46
162.500	809.34
163.000	810.75
163.500	812.63
164.000	813.57
164.500	815.45
165.000	816.86
165.500	818.27
166.000	819.68
166.500	821.09
167.000	822.50
167.500	824.38
168.000	825.79
168.500	827.67
169.000	829.08
169.500	830.96
170.000	832.37
170.500	833.78
171.000	835.19
171.500	837.07
172.000	838.48
172.500	839.42
173.000	840.83
173.500	841.77
174.000	843.18
174.500	845.06
175.000	846.47
175.500	847.88
176.000	849.29
176.500	850.23
177.000	852.58
177.500	853.52
178.000	854.93
178.500	856.34
179.000	857.75
179.500	859.16
180.000	860.57
180.500	861.98
181.000	863.86
181.500	865.27
182.000	866.21
182.500	868.09
183.000	869.50
183.500	870.44
184.000	872.32
184.500	873.73
185.000	875.14
185.500	876.55
186.000	877.96
186.500	878.90
187.000	880.78
187.500	882.19
188.000	883.60
188.500	885.01
189.000	886.42
189.500	887.36
190.000	889.24
190.500	890.65
191.000	892.06
191.500	893.47
192.000	894.41
192.500	896.29
193.000	897.70
193.500	898.64
194.000	900.05
194.500	901.46
195.000	902.87
195.500	904.28
196.000	905.22
196.500	906.16
197.000	907.10
197.500	908.98
198.000	910.39
198.500	911.80
199.000	913.21
199.500	914.62
200.000	916.03
200.500	916.97
201.000	918.85
201.500	920.73
202.000	921.67
202.500	923.08
203.000	924.49
203.500	925.90
204.000	926.84
204.500	928.25
205.000	929.66
205.500	931.07
206.000	932.48
206.500	933.89
207.000	935.30
207.500	936.71
208.000	938.12
208.500	939.53
209.000	940.94
209.500	942.35
210.000	943.76
210.500	945.17
211.000	946.58
211.500	947.99
212.000	949.40
212.500	950.34
213.000	952.22
213.500	952.69
214.000	954.57
214.500	955.98
215.000	956.92
215.500	957.86
216.000	959.27
216.500	960.21
217.000	962.09
217.500	963.50
218.000	964.44
218.500	966.32
219.000	967.73
219.500	969.61
220.000	970.55
220.500	971.96
221.000	972.90
221.500	974.31
222.000	975.72
222.500	976.66
223.000	978.07
223.500	979.48
224.000	980.89
224.500	982.30
225.000	984.18
225.500	985.12
226.000	986.06
226.500	987.47
227.000	988.41
227.500	989.82
228.000	991.23
228.500	993.11
229.000	994.05
229.500	995.46
230.000	996.87
230.500	997.34
231.000	999.22
231.500	1000.16
232.000	1001.57
232.500	1002.98
233.000	1004.39
233.500	1005.80
234.000	1007.21
234.500	1007.68
235.000	1009.09
235.500	1010.03
236.000	1011.44
236.500	1012.85
237.000	1013.79
237.500	1015.67
238.000	1016.61
238.500	1018.02
239.000	1019.43
239.500	1020.37
240.000	1022.25
240.500	1023.66
241.000	1023.66
241.500	1025.07
242.000	1026.01
242.500	1027.42
243.000	1028.83
243.500	1029.77
244.000	1030.71
244.500	1032.12
245.000	1033.06
245.500	1034.47
246.000	1034.94
246.500	1036.35
247.000	1037.76
247.500	1038.70
248.000	1040.11
248.500	1041.05
249.000	1042.46
249.500	1043.87
250.000	1044.81
250.500	1046.22
251.000	1047.16
251.500	1049.04
252.000	1049.98
252.500	1051.39
253.000	1052.80
253.500	1053.74
254.000	1054.68
254.500	1055.62
255.000	1057.50
255.500	1058.44
256.000	1059.38
256.500	1060.79
257.000	1062.20
257.500	1063.61
258.000	1064.55
258.500	1065.96
259.000	1066.90
259.500	1068.31
260.000	1069.72
260.500	1071.13
261.000	1072.54
261.500	1073.48
262.000	1074.89
262.500	1075.36
263.000	1076.77
263.500	1078.18
264.000	1079.12
264.500	1080.53
265.000	1081.94
265.500	1082.41
266.000	1083.82
266.500	1085.23
267.000	1086.64
267.500	1087.58
268.000	1088.99
268.500	1090.40
269.000	1091.81
269.500	1093.22
270.000	1094.16
270.500	1095.10
271.000	1096.51
271.500	1097.92
272.000	1099.33
272.500	1100.27
273.000	1101.68
273.500	1103.09
274.000	1104.03
274.500	1104.97
275.000	1106.38
275.500	1107.79
276.000	1108.73
276.500	1110.14
277.000	1111.55
277.500	1112.49
278.000	1114.37
278.500	1115.78
279.000	1116.72
279.500	1117.66
280.000	1119.07
280.500	1120.01
281.000	1121.42
281.500	1122.83
282.000	1123.77
282.500	1124.71
283.000	1125.65
283.500	1127.06
284.000	1128.00
284.500	1129.41
285.000	1130.82
285.500	1131.76
286.000	1132.70
286.500	1134.58
287.000	1135.52
287.500	1136.46
288.000	1137.87
288.500	1138.81
289.000	1139.75
289.500	1141.16
290.000	1142.10
290.500	1143.51
291.000	1144.45
291.500	1145.39
292.000	1146.80
292.500	1148.21
293.000	1149.15
293.500	1150.56
294.000	1151.50
294.500	1151.97
295.000	1153.85
295.500	1155.26
296.000	1156.20
296.500	1157.14
297.000	1158.55
297.500	1159.96
298.000	1160.90
298.500	1161.84
299.000	1162.78
299.500	1163.72
300.000	1165.13
300.500	1166.54
301.000	1167.48
301.500	1168.89
302.000	1169.36
302.500	1171.24
303.000	1172.18
303.500	1173.12
304.000	1174.06
304.500	1175.00
305.000	1176.41
305.500	1177.35
306.000	1178.29
306.500	1179.23
307.000	1180.17
307.500	1181.58
308.000	1182.99
308.500	1183.93
309.000	1184.87
309.500	1185.81
310.000	1187.22
310.500	1188.16
311.000	1189.57
311.500	1190.51
312.000	1191.92
312.500	1193.33
313.000	1194.27
313.500	1195.21
314.000	1196.15
314.500	1197.56
315.000	1198.50
315.500	1199.44
316.000	1200.38
316.500	1201.79
317.000	1203.20
317.500	1204.14
318.000	1205.08
318.500	1206.49
319.000	1207.43
319.500	1208.37
320.000	1209.31
320.500	1210.72
321.000	1211.66
321.500	1212.13
322.000	1213.54
322.500	1214.95
323.000	1215.89
323.500	1217.30
324.000	1217.77
324.500	1219.18
325.000	1220.12
325.500	1221.53
326.000	1222.47
326.500	1223.41
327.000	1224.35
327.500	1225.29
328.000	1226.70
328.500	1227.64
329.000	1229.05
329.500	1229.99
330.000	1231.40
330.500	1232.34
331.000	1233.28
331.500	1234.69
332.000	1235.16
332.500	1236.57
333.000	1237.98
333.500	1238.92
334.000	1240.33
334.500	1241.27
335.000	1242.21
335.500	1243.15
336.000	1244.56
336.500	1245.97
337.000	1247.38
337.500	1247.85
338.000	1249.26
338.500	1250.20
339.000	1251.14
339.500	1252.55
340.000	1253.49
340.500	1254.90
341.000	1255.84
341.500	1257.25
342.000	1258.19
342.500	1259.60
343.000	1260.54
343.500	1261.01
344.000	1262.42
344.500	1263.36
345.000	1264.77
345.500	1265.24
346.000	1266.65
346.500	1267.59
347.000	1268.53
347.500	1269.47
348.000	1270.41
348.500	1271.82
349.000	1273.23
349.500	1273.70
350.000	1275.11
350.500	1276.05
351.000	1277.46
351.500	1277.93
352.000	1279.34
352.500	1280.28
353.000	1281.22
353.500	1282.16
354.000	1283.10
354.500	1284.51
355.000	1285.45
355.500	1286.39
356.000	1287.33
356.500	1287.80
357.000	1288.74
357.500	1289.68
358.000	1290.62
358.500	1291.56
359.000	1292.50
359.500	1293.91
360.000	1295.32
360.500	1296.26
361.000	1297.20
361.500	1298.61
362.000	1299.55
362.500	1300.96
363.000	1301.90
363.500	1303.31
364.000	1304.25
364.500	1305.19
365.000	1305.66
365.500	1306.60
366.000	1307.54
366.500	1308.95
367.000	1309.89
367.500	1310.83
368.000	1311.30
368.500	1312.24
369.000	1313.18
369.500	1314.12
370.000	1315.06
370.500	1316.47
371.000	1317.41
371.500	1317.88
372.000	1319.29
372.500	1320.23
373.000	1321.17
373.500	1322.11
374.000	1322.58
374.500	1323.52
375.000	1324.93
375.500	1326.34
376.000	1327.28
376.500	1328.22
377.000	1329.16
377.500	1330.10
378.000	1331.51
378.500	1332.45
379.000	1332.92
379.500	1333.86
380.000	1334.80
380.500	1336.21
381.000	1336.68
381.500	1337.62
382.000	1338.56
382.500	1339.97
383.000	1340.91
383.500	1342.32
384.000	1343.73
384.500	1344.20
385.000	1345.14
385.500	1346.08
386.000	1347.49
386.500	1348.43
387.000	1349.37
387.500	1350.31
388.000	1351.25
388.500	1352.19
389.000	1353.13
389.500	1354.07
390.000	1355.01
390.500	1355.95
391.000	1356.89
391.500	1357.83
392.000	1358.77
392.500	1359.71
393.000	1361.12
393.500	1361.59
394.000	1362.53
394.500	1363.94
395.000	1364.88
395.500	1365.82
396.000	1366.76
396.500	1367.23
397.000	1368.64
397.500	1369.58
398.000	1370.52
398.500	1370.99
399.000	1371.93
399.500	1372.87
400.000	1373.81
400.500	1374.75
401.000	1375.69
401.500	1377.10
402.000	1378.04
402.500	1378.98
403.000	1379.92
403.500	1380.86
404.000	1381.80
404.500	1383.21
405.000	1384.15
405.500	1385.56
406.000	1386.03
406.500	1386.97
407.000	1387.91
407.500	1389.32
408.000	1389.79
408.500	1391.20
409.000	1392.14
409.500	1392.61
410.000	1394.49
410.500	1394.49
411.000	1395.90
411.500	1396.84
412.000	1398.25
412.500	1399.19
413.000	1400.13
413.500	1401.07
414.000	1402.48
414.500	1402.95
415.000	1403.89
415.500	1404.36
416.000	1405.30
416.500	1406.24
417.000	1407.18
417.500	1408.12
418.000	1409.06
418.500	1410.47
419.000	1410.94
419.500	1411.88
420.000	1412.82
420.500	1413.76
421.000	1414.70
421.500	1415.64
422.000	1416.58
422.500	1417.52
423.000	1417.99
423.500	1418.93
424.000	1419.40
424.500	1420.34
425.000	1421.75
425.500	1422.69
426.000	1423.63
426.500	1424.57
427.000	1425.98
427.500	1426.45
428.000	1427.86
428.500	1428.80
429.000	1430.21
429.500	1430.68
430.000	1431.62
430.500	1432.56
431.000	1433.97
431.500	1434.44
432.000	1435.85
432.500	1436.32
433.000	1437.26
433.500	1438.20
434.000	1439.14
434.500	1440.08
435.000	1441.02
435.500	1441.96
436.000	1442.90
436.500	1443.37
437.000	1444.31
437.500	1445.25
438.000	1446.19
438.500	1447.13
439.000	1447.60
439.500	1448.54
440.000	1449.48
440.500	1450.42
441.000	1450.89
441.500	1451.83
442.000	1453.24
442.500	1454.65
443.000	1455.12
443.500	1456.06
444.000	1457.00
444.500	1458.41
445.000	1459.35
445.500	1459.82
446.000	1461.23
446.500	1462.17
447.000	1463.11
447.500	1464.05
448.000	1464.99
448.500	1465.93
449.000	1466.40
449.500	1467.81
450.000	1469.22
450.500	1469.69
451.000	1470.63
451.500	1471.10
452.000	1472.04
452.500	1472.98
453.000	1473.92
453.500	1474.86
454.000	1476.27
454.500	1477.21
455.000	1478.15
455.500	1479.09
456.000	1480.03
456.500	1480.97
457.000	1482.38
457.500	1482.85
458.000	1484.26
458.500	1485.67
459.000	1485.67
459.500	1486.61
460.000	1488.02
460.500	1488.49
461.000	1489.90
461.500	1490.84
462.000	1491.78
462.500	1492.72
463.000	1494.13
463.500	1494.60
464.000	1495.54
464.500	1496.01
465.000	1496.95
465.500	1498.36
466.000	1498.83
466.500	1499.30
